              precision    recall  f1-score   support

           0       0.69      0.53      0.60      1316
           1       0.36      0.52      0.42       664

    accuracy                           0.53      1980
   macro avg       0.52      0.52      0.51      1980
weighted avg       0.58      0.53      0.54      1980

              precision    recall  f1-score   support

           0       0.36      0.52      0.42       664
           1       0.28      0.58      0.38       456

   micro avg       0.32      0.54      0.40      1120
   macro avg       0.32      0.55      0.40      1120
weighted avg       0.33      0.54      0.40      1120
 samples avg       0.23      0.26      0.23      1120

              precision    recall  f1-score   support

           0       0.36      0.52      0.42       664
           1       0.28      0.58      0.38       456
           2       0.25      0.56      0.34       426
           3       0.19      0.54      0.29       328

   micro avg       0.27      0.55      0.36      1874
   macro avg       0.27      0.55      0.36      1874
weighted avg       0.29      0.55      0.37      1874
 samples avg       0.25      0.34      0.26      1874

              precision    recall  f1-score   support

           0       0.36      0.52      0.42       664
           1       0.28      0.58      0.38       456
           2       0.25      0.56      0.34       426
           3       0.19      0.54      0.29       328
           4       0.14      0.53      0.23       249
           5       0.14      0.47      0.22       276
           6       0.11      0.44      0.18       225
           7       0.15      0.56      0.23       235
           8       0.12      0.54      0.20       218

   micro avg       0.20      0.53      0.29      3077
   macro avg       0.19      0.53      0.28      3077
weighted avg       0.23      0.53      0.31      3077
 samples avg       0.19      0.40      0.23      3077

              precision    recall  f1-score   support

           0       0.36      0.52      0.42       664
           1       0.28      0.58      0.38       456
           2       0.25      0.56      0.34       426
           3       0.19      0.54      0.29       328
           4       0.14      0.53      0.23       249
           5       0.14      0.47      0.22       276
           6       0.11      0.44      0.18       225
           7       0.15      0.56      0.23       235
           8       0.12      0.54      0.20       218
           9       0.12      0.54      0.20       209
          10       0.09      0.50      0.16       179
          11       0.09      0.47      0.15       169
          12       0.10      0.53      0.17       175
          13       0.08      0.47      0.14       155
          14       0.11      0.55      0.19       175
          15       0.12      0.62      0.20       170
          16       0.07      0.54      0.13       127
          17       0.10      0.58      0.17       160
          18       0.09      0.54      0.15       124

   micro avg       0.15      0.53      0.23      4720
   macro avg       0.14      0.53      0.22      4720
weighted avg       0.18      0.53      0.26      4720
 samples avg       0.14      0.45      0.20      4720

              precision    recall  f1-score   support

           0       0.36      0.52      0.42       664
           1       0.28      0.58      0.38       456
           2       0.25      0.56      0.34       426
           3       0.19      0.54      0.29       328
           4       0.14      0.53      0.23       249
           5       0.14      0.47      0.22       276
           6       0.11      0.44      0.18       225
           7       0.15      0.56      0.23       235
           8       0.12      0.54      0.20       218
           9       0.12      0.54      0.20       209
          10       0.09      0.50      0.16       179
          11       0.09      0.47      0.15       169
          12       0.10      0.53      0.17       175
          13       0.08      0.47      0.14       155
          14       0.11      0.55      0.19       175
          15       0.12      0.62      0.20       170
          16       0.07      0.54      0.13       127
          17       0.10      0.58      0.17       160
          18       0.09      0.54      0.15       124
          19       0.08      0.55      0.14       130
          20       0.07      0.53      0.12       105
          21       0.06      0.51      0.11       120
          22       0.07      0.57      0.13       118
          23       0.08      0.53      0.13       126
          24       0.07      0.59      0.13       115
          25       0.07      0.51      0.13       127
          26       0.06      0.59      0.11        92
          27       0.07      0.59      0.12       102
          28       0.07      0.53      0.12       120

   micro avg       0.12      0.54      0.20      5875
   macro avg       0.12      0.54      0.19      5875
weighted avg       0.16      0.54      0.23      5875
 samples avg       0.12      0.48      0.17      5875

              precision    recall  f1-score   support

           0       0.36      0.52      0.42       664
           1       0.28      0.58      0.38       456
           2       0.25      0.56      0.34       426
           3       0.19      0.54      0.29       328
           4       0.14      0.53      0.23       249
           5       0.14      0.47      0.22       276
           6       0.11      0.44      0.18       225
           7       0.15      0.56      0.23       235
           8       0.12      0.54      0.20       218
           9       0.12      0.54      0.20       209
          10       0.09      0.50      0.16       179
          11       0.09      0.47      0.15       169
          12       0.10      0.53      0.17       175
          13       0.08      0.47      0.14       155
          14       0.11      0.55      0.19       175
          15       0.12      0.62      0.20       170
          16       0.07      0.54      0.13       127
          17       0.10      0.58      0.17       160
          18       0.09      0.54      0.15       124
          19       0.08      0.55      0.14       130
          20       0.07      0.53      0.12       105
          21       0.06      0.51      0.11       120
          22       0.07      0.57      0.13       118
          23       0.08      0.53      0.13       126
          24       0.07      0.59      0.13       115
          25       0.07      0.51      0.13       127
          26       0.06      0.59      0.11        92
          27       0.07      0.59      0.12       102
          28       0.07      0.53      0.12       120
          29       0.08      0.66      0.14       105
          30       0.06      0.47      0.10       116
          31       0.07      0.55      0.13       114
          32       0.05      0.48      0.10        97
          33       0.06      0.59      0.11        92
          34       0.07      0.62      0.12        94
          35       0.05      0.55      0.09        89
          36       0.05      0.52      0.09        82
          37       0.05      0.48      0.09        95
          38       0.06      0.55      0.11        94
          39       0.06      0.56      0.11        97
          40       0.04      0.53      0.08        74
          41       0.06      0.54      0.10        92
          42       0.06      0.57      0.11        99
          43       0.05      0.49      0.09        86
          44       0.04      0.44      0.07        85
          45       0.04      0.48      0.07        75
          46       0.06      0.61      0.10        74
          47       0.04      0.45      0.07        77
          48       0.07      0.60      0.12        91

   micro avg       0.09      0.54      0.16      7703
   macro avg       0.09      0.54      0.15      7703
weighted avg       0.14      0.54      0.20      7703
 samples avg       0.09      0.49      0.14      7703

              precision    recall  f1-score   support

           0       0.36      0.52      0.42       664
           1       0.28      0.58      0.38       456
           2       0.25      0.56      0.34       426
           3       0.19      0.54      0.29       328
           4       0.14      0.53      0.23       249
           5       0.14      0.47      0.22       276
           6       0.11      0.44      0.18       225
           7       0.15      0.56      0.23       235
           8       0.12      0.54      0.20       218
           9       0.12      0.54      0.20       209
          10       0.09      0.50      0.16       179
          11       0.09      0.47      0.15       169
          12       0.10      0.53      0.17       175
          13       0.08      0.47      0.14       155
          14       0.11      0.55      0.19       175
          15       0.12      0.62      0.20       170
          16       0.07      0.54      0.13       127
          17       0.10      0.58      0.17       160
          18       0.09      0.54      0.15       124
          19       0.08      0.55      0.14       130
          20       0.07      0.53      0.12       105
          21       0.06      0.51      0.11       120
          22       0.07      0.57      0.13       118
          23       0.08      0.53      0.13       126
          24       0.07      0.59      0.13       115
          25       0.07      0.51      0.13       127
          26       0.06      0.59      0.11        92
          27       0.07      0.59      0.12       102
          28       0.07      0.53      0.12       120
          29       0.08      0.66      0.14       105
          30       0.06      0.47      0.10       116
          31       0.07      0.55      0.13       114
          32       0.05      0.48      0.10        97
          33       0.06      0.59      0.11        92
          34       0.07      0.62      0.12        94
          35       0.05      0.55      0.09        89
          36       0.05      0.52      0.09        82
          37       0.05      0.48      0.09        95
          38       0.06      0.55      0.11        94
          39       0.06      0.56      0.11        97
          40       0.04      0.53      0.08        74
          41       0.06      0.54      0.10        92
          42       0.06      0.57      0.11        99
          43       0.05      0.49      0.09        86
          44       0.04      0.44      0.07        85
          45       0.04      0.48      0.07        75
          46       0.06      0.61      0.10        74
          47       0.04      0.45      0.07        77
          48       0.07      0.60      0.12        91
          49       0.04      0.49      0.07        71
          50       0.04      0.45      0.07        74
          51       0.05      0.52      0.09        83
          52       0.05      0.64      0.09        76
          53       0.05      0.58      0.10        74
          54       0.04      0.63      0.08        63
          55       0.04      0.60      0.08        68
          56       0.05      0.64      0.10        70
          57       0.06      0.58      0.12        72
          58       0.03      0.50      0.06        60
          59       0.04      0.65      0.08        65
          60       0.04      0.59      0.08        64
          61       0.03      0.51      0.06        63
          62       0.04      0.55      0.07        64
          63       0.03      0.41      0.05        61
          64       0.03      0.45      0.05        55
          65       0.03      0.46      0.06        59
          66       0.02      0.36      0.04        55
          67       0.03      0.49      0.06        59
          68       0.02      0.44      0.05        48
          69       0.04      0.64      0.08        55
          70       0.03      0.64      0.06        44
          71       0.04      0.60      0.08        57
          72       0.03      0.50      0.05        48
          73       0.05      0.72      0.08        53
          74       0.02      0.45      0.05        44
          75       0.04      0.65      0.07        54
          76       0.03      0.59      0.05        41
          77       0.03      0.56      0.05        43
          78       0.02      0.58      0.05        38
          79       0.02      0.52      0.05        42
          80       0.03      0.66      0.06        44
          81       0.03      0.50      0.06        54
          82       0.02      0.36      0.03        39
          83       0.02      0.50      0.04        42
          84       0.03      0.86      0.06        37
          85       0.02      0.53      0.04        38
          86       0.02      0.47      0.04        38
          87       0.02      0.46      0.04        41
          88       0.02      0.40      0.03        40
          89       0.03      0.57      0.05        42
          90       0.02      0.51      0.04        41
          91       0.03      0.53      0.05        45
          92       0.02      0.52      0.03        33
          93       0.02      0.55      0.04        33
          94       0.02      0.47      0.04        43
          95       0.02      0.58      0.04        31
          96       0.03      0.63      0.05        35
          97       0.02      0.36      0.04        44
          98       0.03      0.55      0.05        40

   micro avg       0.06      0.54      0.11     10286
   macro avg       0.06      0.54      0.10     10286
weighted avg       0.11      0.54      0.17     10286
 samples avg       0.06      0.52      0.10     10286

              precision    recall  f1-score   support

           0       0.36      0.52      0.42       664
           1       0.28      0.58      0.38       456
           2       0.25      0.56      0.34       426
           3       0.19      0.54      0.29       328
           4       0.14      0.53      0.23       249
           5       0.14      0.47      0.22       276
           6       0.11      0.44      0.18       225
           7       0.15      0.56      0.23       235
           8       0.12      0.54      0.20       218
           9       0.12      0.54      0.20       209
          10       0.09      0.50      0.16       179
          11       0.09      0.47      0.15       169
          12       0.10      0.53      0.17       175
          13       0.08      0.47      0.14       155
          14       0.11      0.55      0.19       175
          15       0.12      0.62      0.20       170
          16       0.07      0.54      0.13       127
          17       0.10      0.58      0.17       160
          18       0.09      0.54      0.15       124
          19       0.08      0.55      0.14       130
          20       0.07      0.53      0.12       105
          21       0.06      0.51      0.11       120
          22       0.07      0.57      0.13       118
          23       0.08      0.53      0.13       126
          24       0.07      0.59      0.13       115
          25       0.07      0.51      0.13       127
          26       0.06      0.59      0.11        92
          27       0.07      0.59      0.12       102
          28       0.07      0.53      0.12       120
          29       0.08      0.66      0.14       105
          30       0.06      0.47      0.10       116
          31       0.07      0.55      0.13       114
          32       0.05      0.48      0.10        97
          33       0.06      0.59      0.11        92
          34       0.07      0.62      0.12        94
          35       0.05      0.55      0.09        89
          36       0.05      0.52      0.09        82
          37       0.05      0.48      0.09        95
          38       0.06      0.55      0.11        94
          39       0.06      0.56      0.11        97
          40       0.04      0.53      0.08        74
          41       0.06      0.54      0.10        92
          42       0.06      0.57      0.11        99
          43       0.05      0.49      0.09        86
          44       0.04      0.44      0.07        85
          45       0.04      0.48      0.07        75
          46       0.06      0.61      0.10        74
          47       0.04      0.45      0.07        77
          48       0.07      0.60      0.12        91
          49       0.04      0.49      0.07        71
          50       0.04      0.45      0.07        74
          51       0.05      0.52      0.09        83
          52       0.05      0.64      0.09        76
          53       0.05      0.58      0.10        74
          54       0.04      0.63      0.08        63
          55       0.04      0.60      0.08        68
          56       0.05      0.64      0.10        70
          57       0.06      0.58      0.12        72
          58       0.03      0.50      0.06        60
          59       0.04      0.65      0.08        65
          60       0.04      0.59      0.08        64
          61       0.03      0.51      0.06        63
          62       0.04      0.55      0.07        64
          63       0.03      0.41      0.05        61
          64       0.03      0.45      0.05        55
          65       0.03      0.46      0.06        59
          66       0.02      0.36      0.04        55
          67       0.03      0.49      0.06        59
          68       0.02      0.44      0.05        48
          69       0.04      0.64      0.08        55
          70       0.03      0.64      0.06        44
          71       0.04      0.60      0.08        57
          72       0.03      0.50      0.05        48
          73       0.05      0.72      0.08        53
          74       0.02      0.45      0.05        44
          75       0.04      0.65      0.07        54
          76       0.03      0.59      0.05        41
          77       0.03      0.56      0.05        43
          78       0.02      0.58      0.05        38
          79       0.02      0.52      0.05        42
          80       0.03      0.66      0.06        44
          81       0.03      0.50      0.06        54
          82       0.02      0.36      0.03        39
          83       0.02      0.50      0.04        42
          84       0.03      0.86      0.06        37
          85       0.02      0.53      0.04        38
          86       0.02      0.47      0.04        38
          87       0.02      0.46      0.04        41
          88       0.02      0.40      0.03        40
          89       0.03      0.57      0.05        42
          90       0.02      0.51      0.04        41
          91       0.03      0.53      0.05        45
          92       0.02      0.52      0.03        33
          93       0.02      0.55      0.04        33
          94       0.02      0.47      0.04        43
          95       0.02      0.58      0.04        31
          96       0.03      0.63      0.05        35
          97       0.02      0.36      0.04        44
          98       0.03      0.55      0.05        40
          99       0.02      0.35      0.03        37
         100       0.02      0.47      0.03        32
         101       0.01      0.39      0.02        28
         102       0.01      0.39      0.02        28
         103       0.02      0.56      0.04        32
         104       0.01      0.36      0.02        25
         105       0.02      0.44      0.03        34
         106       0.02      0.47      0.04        40
         107       0.01      0.43      0.03        30
         108       0.02      0.68      0.04        25
         109       0.02      0.59      0.05        37
         110       0.03      0.69      0.05        35
         111       0.02      0.50      0.04        34
         112       0.03      0.61      0.05        36
         113       0.01      0.43      0.02        23
         114       0.01      0.45      0.03        31
         115       0.02      0.66      0.04        32
         116       0.02      0.52      0.04        31
         117       0.01      0.37      0.01        19
         118       0.01      0.50      0.02        24
         119       0.02      0.59      0.03        27
         120       0.01      0.50      0.03        24
         121       0.02      0.68      0.03        19
         122       0.02      0.62      0.04        29
         123       0.01      0.46      0.03        28
         124       0.01      0.39      0.02        23
         125       0.02      0.50      0.03        28
         126       0.01      0.46      0.03        26
         127       0.02      0.57      0.03        30
         128       0.02      0.61      0.03        23
         129       0.02      0.80      0.04        20
         130       0.01      0.69      0.02        16
         131       0.01      0.35      0.01        17
         132       0.01      0.53      0.02        19
         133       0.01      0.46      0.03        26
         134       0.01      0.68      0.02        19
         135       0.01      0.44      0.01        16
         136       0.01      0.37      0.02        27
         137       0.01      0.60      0.03        20
         138       0.01      0.33      0.01        15
         139       0.01      0.65      0.03        20
         140       0.01      0.44      0.02        18
         141       0.01      0.44      0.01        16
         142       0.01      0.83      0.01         6
         143       0.01      0.40      0.01        15
         144       0.01      0.57      0.02        23
         145       0.01      0.46      0.01        13
         146       0.01      0.40      0.02        15
         147       0.00      0.29      0.01        14
         148       0.01      0.62      0.02        16
         149       0.01      0.50      0.02        22
         150       0.00      0.36      0.01        11
         151       0.01      0.62      0.02        13
         152       0.01      0.42      0.01        12
         153       0.01      0.81      0.03        16
         154       0.01      0.62      0.02        13
         155       0.01      0.50      0.02        14
         156       0.01      0.43      0.01        14
         157       0.00      0.50      0.01         6
         158       0.00      0.31      0.01        13
         159       0.01      0.50      0.02        18
         160       0.01      0.55      0.01        11
         161       0.01      0.62      0.02        16
         162       0.01      0.50      0.01        12
         163       0.00      0.27      0.01        11
         164       0.00      0.27      0.01        11
         165       0.01      0.50      0.01        14
         166       0.01      0.58      0.01        12
         167       0.00      0.30      0.01        10
         168       0.00      0.27      0.01        11
         169       0.01      0.60      0.01        10
         170       0.00      0.62      0.01         8
         171       0.01      0.71      0.01         7
         172       0.00      0.57      0.01         7
         173       0.01      0.50      0.01        14
         174       0.01      0.54      0.01        13
         175       0.01      0.67      0.01         9
         176       0.01      0.70      0.02        10
         177       0.00      0.43      0.01         7
         178       0.01      0.70      0.01        10
         179       0.01      0.70      0.01        10
         180       0.01      0.42      0.01        12
         181       0.01      0.60      0.02        10
         182       0.01      0.43      0.01        14
         183       0.01      0.73      0.01        11
         184       0.00      0.33      0.01         9
         185       0.00      0.31      0.01        13
         186       0.01      0.50      0.01        10
         187       0.00      0.60      0.01         5
         188       0.00      0.29      0.00         7
         189       0.00      0.60      0.01         5
         190       0.00      0.60      0.01         5
         191       0.01      0.64      0.02        11
         192       0.00      0.57      0.01         7
         193       0.01      0.42      0.01        12
         194       0.00      0.50      0.01         8
         195       0.00      0.50      0.01         6
         196       0.01      1.00      0.01         5
         197       0.00      0.29      0.00         7
         198       0.01      0.64      0.02        14

   micro avg       0.04      0.53      0.07     12043
   macro avg       0.04      0.53      0.06     12043
weighted avg       0.10      0.53      0.15     12043
 samples avg       0.04      0.53      0.06     12043

              precision    recall  f1-score   support

           0       0.36      0.52      0.42       664
           1       0.28      0.58      0.38       456
           2       0.25      0.56      0.34       426
           3       0.19      0.54      0.29       328
           4       0.14      0.53      0.23       249
           5       0.14      0.47      0.22       276
           6       0.11      0.44      0.18       225
           7       0.15      0.56      0.23       235
           8       0.12      0.54      0.20       218
           9       0.12      0.54      0.20       209
          10       0.09      0.50      0.16       179
          11       0.09      0.47      0.15       169
          12       0.10      0.53      0.17       175
          13       0.08      0.47      0.14       155
          14       0.11      0.55      0.19       175
          15       0.12      0.62      0.20       170
          16       0.07      0.54      0.13       127
          17       0.10      0.58      0.17       160
          18       0.09      0.54      0.15       124
          19       0.08      0.55      0.14       130
          20       0.07      0.53      0.12       105
          21       0.06      0.51      0.11       120
          22       0.07      0.57      0.13       118
          23       0.08      0.53      0.13       126
          24       0.07      0.59      0.13       115
          25       0.07      0.51      0.13       127
          26       0.06      0.59      0.11        92
          27       0.07      0.59      0.12       102
          28       0.07      0.53      0.12       120
          29       0.08      0.66      0.14       105
          30       0.06      0.47      0.10       116
          31       0.07      0.55      0.13       114
          32       0.05      0.48      0.10        97
          33       0.06      0.59      0.11        92
          34       0.07      0.62      0.12        94
          35       0.05      0.55      0.09        89
          36       0.05      0.52      0.09        82
          37       0.05      0.48      0.09        95
          38       0.06      0.55      0.11        94
          39       0.06      0.56      0.11        97
          40       0.04      0.53      0.08        74
          41       0.06      0.54      0.10        92
          42       0.06      0.57      0.11        99
          43       0.05      0.49      0.09        86
          44       0.04      0.44      0.07        85
          45       0.04      0.48      0.07        75
          46       0.06      0.61      0.10        74
          47       0.04      0.45      0.07        77
          48       0.07      0.60      0.12        91
          49       0.04      0.49      0.07        71
          50       0.04      0.45      0.07        74
          51       0.05      0.52      0.09        83
          52       0.05      0.64      0.09        76
          53       0.05      0.58      0.10        74
          54       0.04      0.63      0.08        63
          55       0.04      0.60      0.08        68
          56       0.05      0.64      0.10        70
          57       0.06      0.58      0.12        72
          58       0.03      0.50      0.06        60
          59       0.04      0.65      0.08        65
          60       0.04      0.59      0.08        64
          61       0.03      0.51      0.06        63
          62       0.04      0.55      0.07        64
          63       0.03      0.41      0.05        61
          64       0.03      0.45      0.05        55
          65       0.03      0.46      0.06        59
          66       0.02      0.36      0.04        55
          67       0.03      0.49      0.06        59
          68       0.02      0.44      0.05        48
          69       0.04      0.64      0.08        55
          70       0.03      0.64      0.06        44
          71       0.04      0.60      0.08        57
          72       0.03      0.50      0.05        48
          73       0.05      0.72      0.08        53
          74       0.02      0.45      0.05        44
          75       0.04      0.65      0.07        54
          76       0.03      0.59      0.05        41
          77       0.03      0.56      0.05        43
          78       0.02      0.58      0.05        38
          79       0.02      0.52      0.05        42
          80       0.03      0.66      0.06        44
          81       0.03      0.50      0.06        54
          82       0.02      0.36      0.03        39
          83       0.02      0.50      0.04        42
          84       0.03      0.86      0.06        37
          85       0.02      0.53      0.04        38
          86       0.02      0.47      0.04        38
          87       0.02      0.46      0.04        41
          88       0.02      0.40      0.03        40
          89       0.03      0.57      0.05        42
          90       0.02      0.51      0.04        41
          91       0.03      0.53      0.05        45
          92       0.02      0.52      0.03        33
          93       0.02      0.55      0.04        33
          94       0.02      0.47      0.04        43
          95       0.02      0.58      0.04        31
          96       0.03      0.63      0.05        35
          97       0.02      0.36      0.04        44
          98       0.03      0.55      0.05        40
          99       0.02      0.35      0.03        37
         100       0.02      0.47      0.03        32
         101       0.01      0.39      0.02        28
         102       0.01      0.39      0.02        28
         103       0.02      0.56      0.04        32
         104       0.01      0.36      0.02        25
         105       0.02      0.44      0.03        34
         106       0.02      0.47      0.04        40
         107       0.01      0.43      0.03        30
         108       0.02      0.68      0.04        25
         109       0.02      0.59      0.05        37
         110       0.03      0.69      0.05        35
         111       0.02      0.50      0.04        34
         112       0.03      0.61      0.05        36
         113       0.01      0.43      0.02        23
         114       0.01      0.45      0.03        31
         115       0.02      0.66      0.04        32
         116       0.02      0.52      0.04        31
         117       0.01      0.37      0.01        19
         118       0.01      0.50      0.02        24
         119       0.02      0.59      0.03        27
         120       0.01      0.50      0.03        24
         121       0.02      0.68      0.03        19
         122       0.02      0.62      0.04        29
         123       0.01      0.46      0.03        28
         124       0.01      0.39      0.02        23
         125       0.02      0.50      0.03        28
         126       0.01      0.46      0.03        26
         127       0.02      0.57      0.03        30
         128       0.02      0.61      0.03        23
         129       0.02      0.80      0.04        20
         130       0.01      0.69      0.02        16
         131       0.01      0.35      0.01        17
         132       0.01      0.53      0.02        19
         133       0.01      0.46      0.03        26
         134       0.01      0.68      0.02        19
         135       0.01      0.44      0.01        16
         136       0.01      0.37      0.02        27
         137       0.01      0.60      0.03        20
         138       0.01      0.33      0.01        15
         139       0.01      0.65      0.03        20
         140       0.01      0.44      0.02        18
         141       0.01      0.44      0.01        16
         142       0.01      0.83      0.01         6
         143       0.01      0.40      0.01        15
         144       0.01      0.57      0.02        23
         145       0.01      0.46      0.01        13
         146       0.01      0.40      0.02        15
         147       0.00      0.29      0.01        14
         148       0.01      0.62      0.02        16
         149       0.01      0.50      0.02        22
         150       0.00      0.36      0.01        11
         151       0.01      0.62      0.02        13
         152       0.01      0.42      0.01        12
         153       0.01      0.81      0.03        16
         154       0.01      0.62      0.02        13
         155       0.01      0.50      0.02        14
         156       0.01      0.43      0.01        14
         157       0.00      0.50      0.01         6
         158       0.00      0.31      0.01        13
         159       0.01      0.50      0.02        18
         160       0.01      0.55      0.01        11
         161       0.01      0.62      0.02        16
         162       0.01      0.50      0.01        12
         163       0.00      0.27      0.01        11
         164       0.00      0.27      0.01        11
         165       0.01      0.50      0.01        14
         166       0.01      0.58      0.01        12
         167       0.00      0.30      0.01        10
         168       0.00      0.27      0.01        11
         169       0.01      0.60      0.01        10
         170       0.00      0.62      0.01         8
         171       0.01      0.71      0.01         7
         172       0.00      0.57      0.01         7
         173       0.01      0.50      0.01        14
         174       0.01      0.54      0.01        13
         175       0.01      0.67      0.01         9
         176       0.01      0.70      0.02        10
         177       0.00      0.43      0.01         7
         178       0.01      0.70      0.01        10
         179       0.01      0.70      0.01        10
         180       0.01      0.42      0.01        12
         181       0.01      0.60      0.02        10
         182       0.01      0.43      0.01        14
         183       0.01      0.73      0.01        11
         184       0.00      0.33      0.01         9
         185       0.00      0.31      0.01        13
         186       0.01      0.50      0.01        10
         187       0.00      0.60      0.01         5
         188       0.00      0.29      0.00         7
         189       0.00      0.60      0.01         5
         190       0.00      0.60      0.01         5
         191       0.01      0.64      0.02        11
         192       0.00      0.57      0.01         7
         193       0.01      0.42      0.01        12
         194       0.00      0.50      0.01         8
         195       0.00      0.50      0.01         6
         196       0.01      1.00      0.01         5
         197       0.00      0.29      0.00         7
         198       0.01      0.64      0.02        14
         199       0.01      0.56      0.01         9
         200       0.00      0.29      0.00         7
         201       0.00      0.30      0.01        10
         202       0.01      0.75      0.01         8
         203       0.00      0.67      0.01         6
         204       0.01      0.62      0.01         8
         205       0.01      0.69      0.02        13
         206       0.00      0.00      0.00         3
         207       0.00      0.62      0.01         8
         208       0.00      0.50      0.01         6
         209       0.00      0.80      0.01         5
         210       0.00      0.33      0.01         6
         211       0.00      0.43      0.01         7
         212       0.00      0.33      0.00         6
         213       0.00      0.50      0.00         4
         214       0.00      0.60      0.01         5
         215       0.00      0.43      0.01         7
         216       0.00      0.20      0.00         5
         217       0.00      0.14      0.00         7
         218       0.00      0.60      0.01         5
         219       0.00      0.40      0.00         5
         220       0.00      0.50      0.01         6
         221       0.00      0.43      0.01         7
         222       0.00      0.33      0.00         3
         223       0.00      0.50      0.00         4
         224       0.00      1.00      0.00         1
         225       0.00      0.33      0.00         6
         226       0.00      0.40      0.00         5
         227       0.01      0.67      0.01         6
         228       0.00      0.50      0.01         6
         229       0.00      0.40      0.01        10
         230       0.00      0.25      0.00         4
         231       0.00      0.00      0.00         1
         232       0.00      0.60      0.01         5
         233       0.00      0.50      0.00         2
         234       0.00      1.00      0.00         1
         235       0.00      0.75      0.01         4
         236       0.00      0.60      0.01         5
         237       0.00      1.00      0.00         2
         238       0.00      0.57      0.01         7
         239       0.00      0.50      0.00         4
         240       0.00      0.50      0.00         4
         241       0.00      0.67      0.00         3
         242       0.00      0.50      0.00         2
         243       0.00      0.33      0.00         6
         244       0.00      0.50      0.00         4
         245       0.00      0.00      0.00         1
         246       0.01      0.78      0.01         9
         247       0.00      0.75      0.01         4
         248       0.00      0.29      0.00         7
         249       0.00      0.43      0.01         7
         250       0.00      0.38      0.01         8
         251       0.00      0.33      0.00         6
         252       0.00      1.00      0.00         1
         253       0.00      0.50      0.00         2
         254       0.00      0.25      0.00         4
         255       0.00      0.00      0.00         1
         256       0.00      0.50      0.00         4
         257       0.00      0.00      0.00         1
         258       0.00      0.40      0.00         5
         259       0.00      0.67      0.00         3
         260       0.01      0.57      0.01         7
         261       0.00      1.00      0.00         2
         262       0.00      0.00      0.00         2
         263       0.00      0.67      0.00         3
         264       0.00      0.50      0.00         2
         265       0.00      1.00      0.00         1
         266       0.00      0.67      0.01         3
         267       0.00      0.67      0.00         3
         268       0.00      0.00      0.00         3
         269       0.00      0.67      0.00         3
         270       0.00      0.50      0.00         4
         271       0.00      0.50      0.00         4
         272       0.00      0.20      0.00         5
         273       0.00      0.67      0.00         3
         274       0.00      1.00      0.01         2
         275       0.00      0.50      0.00         2
         276       0.00      0.00      0.00         3
         277       0.00      0.50      0.00         4
         278       0.00      0.67      0.01         6
         279       0.00      1.00      0.00         2
         280       0.00      0.50      0.00         2
         281       0.00      0.00      0.00         3
         282       0.00      0.00      0.00         1
         283       0.00      1.00      0.00         1
         284       0.00      0.00      0.00         2
         285       0.00      0.00      0.00         0
         286       0.00      1.00      0.00         2
         287       0.00      1.00      0.00         1
         288       0.00      0.33      0.00         3
         289       0.00      0.00      0.00         2
         290       0.00      0.50      0.00         2
         291       0.00      0.33      0.00         6
         292       0.00      0.67      0.00         3
         293       0.00      1.00      0.01         2
         294       0.00      0.50      0.00         2
         295       0.00      0.50      0.00         2
         296       0.00      0.00      0.00         2
         297       0.00      0.50      0.00         4
         298       0.00      0.50      0.00         2
         299       0.00      1.00      0.00         2
         300       0.00      0.50      0.00         4
         301       0.00      1.00      0.01         3
         302       0.00      0.00      0.00         1
         303       0.00      0.50      0.00         2
         304       0.00      0.50      0.00         2
         305       0.00      0.50      0.00         2
         306       0.00      0.67      0.00         3
         307       0.00      0.67      0.00         3
         308       0.00      1.00      0.00         2
         309       0.00      1.00      0.00         1
         310       0.00      0.00      0.00         0
         311       0.00      1.00      0.00         2
         312       0.00      1.00      0.00         1
         313       0.00      0.00      0.00         1
         314       0.00      0.00      0.00         0
         315       0.00      0.50      0.00         2
         316       0.00      1.00      0.00         2
         317       0.00      0.50      0.00         2
         318       0.00      0.00      0.00         1
         319       0.00      1.00      0.00         1
         320       0.00      0.00      0.00         2
         321       0.00      1.00      0.00         1
         322       0.00      0.00      0.00         1
         323       0.00      0.00      0.00         0
         324       0.00      1.00      0.00         2
         325       0.00      0.50      0.00         2
         326       0.00      1.00      0.00         1
         327       0.00      1.00      0.00         1
         328       0.00      0.75      0.01         4
         329       0.00      0.00      0.00         1
         330       0.00      1.00      0.00         1
         331       0.00      0.00      0.00         0
         332       0.00      0.50      0.00         2
         333       0.00      1.00      0.00         2
         334       0.00      0.00      0.00         0
         335       0.00      1.00      0.00         2
         336       0.00      1.00      0.00         1
         337       0.00      0.67      0.00         3
         338       0.00      1.00      0.00         3
         339       0.00      1.00      0.00         1
         340       0.00      0.00      0.00         1
         341       0.00      1.00      0.00         1
         342       0.00      0.50      0.00         2
         343       0.00      0.00      0.00         1
         344       0.00      1.00      0.00         2
         345       0.00      0.67      0.00         3
         346       0.00      0.50      0.00         2
         347       0.00      1.00      0.00         1
         348       0.00      0.50      0.00         2
         349       0.00      0.50      0.00         2
         350       0.00      0.00      0.00         2
         351       0.00      0.00      0.00         1
         352       0.00      0.00      0.00         3
         353       0.00      1.00      0.00         3
         354       0.00      0.80      0.01         5
         355       0.00      0.50      0.00         2
         356       0.00      1.00      0.00         1
         357       0.00      0.00      0.00         4
         358       0.00      0.00      0.00         1
         359       0.00      0.50      0.00         2
         360       0.00      0.00      0.00         1
         361       0.00      1.00      0.00         1
         362       0.00      0.67      0.01         3
         363       0.00      0.00      0.00         3
         364       0.00      0.00      0.00         2
         365       0.00      1.00      0.00         1
         366       0.00      1.00      0.00         1
         367       0.00      0.50      0.00         2
         368       0.00      1.00      0.00         1
         369       0.00      1.00      0.00         1
         370       0.00      0.67      0.00         3
         371       0.00      0.00      0.00         1
         372       0.00      0.00      0.00         0
         373       0.00      0.00      0.00         1
         374       0.00      1.00      0.01         2
         375       0.00      0.33      0.00         3
         376       0.00      0.00      0.00         2
         377       0.00      1.00      0.00         1
         378       0.00      1.00      0.00         2
         379       0.00      0.33      0.00         3
         380       0.00      0.00      0.00         0
         381       0.00      0.00      0.00         1
         382       0.00      1.00      0.00         1
         383       0.00      1.00      0.01         2
         384       0.00      0.00      0.00         1
         385       0.00      1.00      0.00         1
         386       0.00      1.00      0.00         2
         387       0.00      0.00      0.00         0
         388       0.00      1.00      0.00         2
         389       0.00      1.00      0.00         1
         390       0.00      0.33      0.00         3
         391       0.00      1.00      0.00         1
         392       0.00      0.00      0.00         1
         393       0.00      0.67      0.01         3
         394       0.00      1.00      0.01         3
         395       0.00      0.50      0.00         2
         396       0.00      0.50      0.00         2
         397       0.00      0.00      0.00         0
         398       0.00      1.00      0.00         1

   micro avg       0.02      0.53      0.04     12629
   macro avg       0.02      0.53      0.03     12629
weighted avg       0.09      0.53      0.14     12629
 samples avg       0.02      0.53      0.03     12629

              precision    recall  f1-score   support

           0       0.36      0.52      0.42       664
           1       0.28      0.58      0.38       456
           2       0.25      0.56      0.34       426
           3       0.19      0.54      0.29       328
           4       0.14      0.53      0.23       249
           5       0.14      0.47      0.22       276
           6       0.11      0.44      0.18       225
           7       0.15      0.56      0.23       235
           8       0.12      0.54      0.20       218
           9       0.12      0.54      0.20       209
          10       0.09      0.50      0.16       179
          11       0.09      0.47      0.15       169
          12       0.10      0.53      0.17       175
          13       0.08      0.47      0.14       155
          14       0.11      0.55      0.19       175
          15       0.12      0.62      0.20       170
          16       0.07      0.54      0.13       127
          17       0.10      0.58      0.17       160
          18       0.09      0.54      0.15       124
          19       0.08      0.55      0.14       130
          20       0.07      0.53      0.12       105
          21       0.06      0.51      0.11       120
          22       0.07      0.57      0.13       118
          23       0.08      0.53      0.13       126
          24       0.07      0.59      0.13       115
          25       0.07      0.51      0.13       127
          26       0.06      0.59      0.11        92
          27       0.07      0.59      0.12       102
          28       0.07      0.53      0.12       120
          29       0.08      0.66      0.14       105
          30       0.06      0.47      0.10       116
          31       0.07      0.55      0.13       114
          32       0.05      0.48      0.10        97
          33       0.06      0.59      0.11        92
          34       0.07      0.62      0.12        94
          35       0.05      0.55      0.09        89
          36       0.05      0.52      0.09        82
          37       0.05      0.48      0.09        95
          38       0.06      0.55      0.11        94
          39       0.06      0.56      0.11        97
          40       0.04      0.53      0.08        74
          41       0.06      0.54      0.10        92
          42       0.06      0.57      0.11        99
          43       0.05      0.49      0.09        86
          44       0.04      0.44      0.07        85
          45       0.04      0.48      0.07        75
          46       0.06      0.61      0.10        74
          47       0.04      0.45      0.07        77
          48       0.07      0.60      0.12        91
          49       0.04      0.49      0.07        71
          50       0.04      0.45      0.07        74
          51       0.05      0.52      0.09        83
          52       0.05      0.64      0.09        76
          53       0.05      0.58      0.10        74
          54       0.04      0.63      0.08        63
          55       0.04      0.60      0.08        68
          56       0.05      0.64      0.10        70
          57       0.06      0.58      0.12        72
          58       0.03      0.50      0.06        60
          59       0.04      0.65      0.08        65
          60       0.04      0.59      0.08        64
          61       0.03      0.51      0.06        63
          62       0.04      0.55      0.07        64
          63       0.03      0.41      0.05        61
          64       0.03      0.45      0.05        55
          65       0.03      0.46      0.06        59
          66       0.02      0.36      0.04        55
          67       0.03      0.49      0.06        59
          68       0.02      0.44      0.05        48
          69       0.04      0.64      0.08        55
          70       0.03      0.64      0.06        44
          71       0.04      0.60      0.08        57
          72       0.03      0.50      0.05        48
          73       0.05      0.72      0.08        53
          74       0.02      0.45      0.05        44
          75       0.04      0.65      0.07        54
          76       0.03      0.59      0.05        41
          77       0.03      0.56      0.05        43
          78       0.02      0.58      0.05        38
          79       0.02      0.52      0.05        42
          80       0.03      0.66      0.06        44
          81       0.03      0.50      0.06        54
          82       0.02      0.36      0.03        39
          83       0.02      0.50      0.04        42
          84       0.03      0.86      0.06        37
          85       0.02      0.53      0.04        38
          86       0.02      0.47      0.04        38
          87       0.02      0.46      0.04        41
          88       0.02      0.40      0.03        40
          89       0.03      0.57      0.05        42
          90       0.02      0.51      0.04        41
          91       0.03      0.53      0.05        45
          92       0.02      0.52      0.03        33
          93       0.02      0.55      0.04        33
          94       0.02      0.47      0.04        43
          95       0.02      0.58      0.04        31
          96       0.03      0.63      0.05        35
          97       0.02      0.36      0.04        44
          98       0.03      0.55      0.05        40
          99       0.02      0.35      0.03        37
         100       0.02      0.47      0.03        32
         101       0.01      0.39      0.02        28
         102       0.01      0.39      0.02        28
         103       0.02      0.56      0.04        32
         104       0.01      0.36      0.02        25
         105       0.02      0.44      0.03        34
         106       0.02      0.47      0.04        40
         107       0.01      0.43      0.03        30
         108       0.02      0.68      0.04        25
         109       0.02      0.59      0.05        37
         110       0.03      0.69      0.05        35
         111       0.02      0.50      0.04        34
         112       0.03      0.61      0.05        36
         113       0.01      0.43      0.02        23
         114       0.01      0.45      0.03        31
         115       0.02      0.66      0.04        32
         116       0.02      0.52      0.04        31
         117       0.01      0.37      0.01        19
         118       0.01      0.50      0.02        24
         119       0.02      0.59      0.03        27
         120       0.01      0.50      0.03        24
         121       0.02      0.68      0.03        19
         122       0.02      0.62      0.04        29
         123       0.01      0.46      0.03        28
         124       0.01      0.39      0.02        23
         125       0.02      0.50      0.03        28
         126       0.01      0.46      0.03        26
         127       0.02      0.57      0.03        30
         128       0.02      0.61      0.03        23
         129       0.02      0.80      0.04        20
         130       0.01      0.69      0.02        16
         131       0.01      0.35      0.01        17
         132       0.01      0.53      0.02        19
         133       0.01      0.46      0.03        26
         134       0.01      0.68      0.02        19
         135       0.01      0.44      0.01        16
         136       0.01      0.37      0.02        27
         137       0.01      0.60      0.03        20
         138       0.01      0.33      0.01        15
         139       0.01      0.65      0.03        20
         140       0.01      0.44      0.02        18
         141       0.01      0.44      0.01        16
         142       0.01      0.83      0.01         6
         143       0.01      0.40      0.01        15
         144       0.01      0.57      0.02        23
         145       0.01      0.46      0.01        13
         146       0.01      0.40      0.02        15
         147       0.00      0.29      0.01        14
         148       0.01      0.62      0.02        16
         149       0.01      0.50      0.02        22
         150       0.00      0.36      0.01        11
         151       0.01      0.62      0.02        13
         152       0.01      0.42      0.01        12
         153       0.01      0.81      0.03        16
         154       0.01      0.62      0.02        13
         155       0.01      0.50      0.02        14
         156       0.01      0.43      0.01        14
         157       0.00      0.50      0.01         6
         158       0.00      0.31      0.01        13
         159       0.01      0.50      0.02        18
         160       0.01      0.55      0.01        11
         161       0.01      0.62      0.02        16
         162       0.01      0.50      0.01        12
         163       0.00      0.27      0.01        11
         164       0.00      0.27      0.01        11
         165       0.01      0.50      0.01        14
         166       0.01      0.58      0.01        12
         167       0.00      0.30      0.01        10
         168       0.00      0.27      0.01        11
         169       0.01      0.60      0.01        10
         170       0.00      0.62      0.01         8
         171       0.01      0.71      0.01         7
         172       0.00      0.57      0.01         7
         173       0.01      0.50      0.01        14
         174       0.01      0.54      0.01        13
         175       0.01      0.67      0.01         9
         176       0.01      0.70      0.02        10
         177       0.00      0.43      0.01         7
         178       0.01      0.70      0.01        10
         179       0.01      0.70      0.01        10
         180       0.01      0.42      0.01        12
         181       0.01      0.60      0.02        10
         182       0.01      0.43      0.01        14
         183       0.01      0.73      0.01        11
         184       0.00      0.33      0.01         9
         185       0.00      0.31      0.01        13
         186       0.01      0.50      0.01        10
         187       0.00      0.60      0.01         5
         188       0.00      0.29      0.00         7
         189       0.00      0.60      0.01         5
         190       0.00      0.60      0.01         5
         191       0.01      0.64      0.02        11
         192       0.00      0.57      0.01         7
         193       0.01      0.42      0.01        12
         194       0.00      0.50      0.01         8
         195       0.00      0.50      0.01         6
         196       0.01      1.00      0.01         5
         197       0.00      0.29      0.00         7
         198       0.01      0.64      0.02        14
         199       0.01      0.56      0.01         9
         200       0.00      0.29      0.00         7
         201       0.00      0.30      0.01        10
         202       0.01      0.75      0.01         8
         203       0.00      0.67      0.01         6
         204       0.01      0.62      0.01         8
         205       0.01      0.69      0.02        13
         206       0.00      0.00      0.00         3
         207       0.00      0.62      0.01         8
         208       0.00      0.50      0.01         6
         209       0.00      0.80      0.01         5
         210       0.00      0.33      0.01         6
         211       0.00      0.43      0.01         7
         212       0.00      0.33      0.00         6
         213       0.00      0.50      0.00         4
         214       0.00      0.60      0.01         5
         215       0.00      0.43      0.01         7
         216       0.00      0.20      0.00         5
         217       0.00      0.14      0.00         7
         218       0.00      0.60      0.01         5
         219       0.00      0.40      0.00         5
         220       0.00      0.50      0.01         6
         221       0.00      0.43      0.01         7
         222       0.00      0.33      0.00         3
         223       0.00      0.50      0.00         4
         224       0.00      1.00      0.00         1
         225       0.00      0.33      0.00         6
         226       0.00      0.40      0.00         5
         227       0.01      0.67      0.01         6
         228       0.00      0.50      0.01         6
         229       0.00      0.40      0.01        10
         230       0.00      0.25      0.00         4
         231       0.00      0.00      0.00         1
         232       0.00      0.60      0.01         5
         233       0.00      0.50      0.00         2
         234       0.00      1.00      0.00         1
         235       0.00      0.75      0.01         4
         236       0.00      0.60      0.01         5
         237       0.00      1.00      0.00         2
         238       0.00      0.57      0.01         7
         239       0.00      0.50      0.00         4
         240       0.00      0.50      0.00         4
         241       0.00      0.67      0.00         3
         242       0.00      0.50      0.00         2
         243       0.00      0.33      0.00         6
         244       0.00      0.50      0.00         4
         245       0.00      0.00      0.00         1
         246       0.01      0.78      0.01         9
         247       0.00      0.75      0.01         4
         248       0.00      0.29      0.00         7
         249       0.00      0.43      0.01         7
         250       0.00      0.38      0.01         8
         251       0.00      0.33      0.00         6
         252       0.00      1.00      0.00         1
         253       0.00      0.50      0.00         2
         254       0.00      0.25      0.00         4
         255       0.00      0.00      0.00         1
         256       0.00      0.50      0.00         4
         257       0.00      0.00      0.00         1
         258       0.00      0.40      0.00         5
         259       0.00      0.67      0.00         3
         260       0.01      0.57      0.01         7
         261       0.00      1.00      0.00         2
         262       0.00      0.00      0.00         2
         263       0.00      0.67      0.00         3
         264       0.00      0.50      0.00         2
         265       0.00      1.00      0.00         1
         266       0.00      0.67      0.01         3
         267       0.00      0.67      0.00         3
         268       0.00      0.00      0.00         3
         269       0.00      0.67      0.00         3
         270       0.00      0.50      0.00         4
         271       0.00      0.50      0.00         4
         272       0.00      0.20      0.00         5
         273       0.00      0.67      0.00         3
         274       0.00      1.00      0.01         2
         275       0.00      0.50      0.00         2
         276       0.00      0.00      0.00         3
         277       0.00      0.50      0.00         4
         278       0.00      0.67      0.01         6
         279       0.00      1.00      0.00         2
         280       0.00      0.50      0.00         2
         281       0.00      0.00      0.00         3
         282       0.00      0.00      0.00         1
         283       0.00      1.00      0.00         1
         284       0.00      0.00      0.00         2
         285       0.00      0.00      0.00         0
         286       0.00      1.00      0.00         2
         287       0.00      1.00      0.00         1
         288       0.00      0.33      0.00         3
         289       0.00      0.00      0.00         2
         290       0.00      0.50      0.00         2
         291       0.00      0.33      0.00         6
         292       0.00      0.67      0.00         3
         293       0.00      1.00      0.01         2
         294       0.00      0.50      0.00         2
         295       0.00      0.50      0.00         2
         296       0.00      0.00      0.00         2
         297       0.00      0.50      0.00         4
         298       0.00      0.50      0.00         2
         299       0.00      1.00      0.00         2
         300       0.00      0.50      0.00         4
         301       0.00      1.00      0.01         3
         302       0.00      0.00      0.00         1
         303       0.00      0.50      0.00         2
         304       0.00      0.50      0.00         2
         305       0.00      0.50      0.00         2
         306       0.00      0.67      0.00         3
         307       0.00      0.67      0.00         3
         308       0.00      1.00      0.00         2
         309       0.00      1.00      0.00         1
         310       0.00      0.00      0.00         0
         311       0.00      1.00      0.00         2
         312       0.00      1.00      0.00         1
         313       0.00      0.00      0.00         1
         314       0.00      0.00      0.00         0
         315       0.00      0.50      0.00         2
         316       0.00      1.00      0.00         2
         317       0.00      0.50      0.00         2
         318       0.00      0.00      0.00         1
         319       0.00      1.00      0.00         1
         320       0.00      0.00      0.00         2
         321       0.00      1.00      0.00         1
         322       0.00      0.00      0.00         1
         323       0.00      0.00      0.00         0
         324       0.00      1.00      0.00         2
         325       0.00      0.50      0.00         2
         326       0.00      1.00      0.00         1
         327       0.00      1.00      0.00         1
         328       0.00      0.75      0.01         4
         329       0.00      0.00      0.00         1
         330       0.00      1.00      0.00         1
         331       0.00      0.00      0.00         0
         332       0.00      0.50      0.00         2
         333       0.00      1.00      0.00         2
         334       0.00      0.00      0.00         0
         335       0.00      1.00      0.00         2
         336       0.00      1.00      0.00         1
         337       0.00      0.67      0.00         3
         338       0.00      1.00      0.00         3
         339       0.00      1.00      0.00         1
         340       0.00      0.00      0.00         1
         341       0.00      1.00      0.00         1
         342       0.00      0.50      0.00         2
         343       0.00      0.00      0.00         1
         344       0.00      1.00      0.00         2
         345       0.00      0.67      0.00         3
         346       0.00      0.50      0.00         2
         347       0.00      1.00      0.00         1
         348       0.00      0.50      0.00         2
         349       0.00      0.50      0.00         2
         350       0.00      0.00      0.00         2
         351       0.00      0.00      0.00         1
         352       0.00      0.00      0.00         3
         353       0.00      1.00      0.00         3
         354       0.00      0.80      0.01         5
         355       0.00      0.50      0.00         2
         356       0.00      1.00      0.00         1
         357       0.00      0.00      0.00         4
         358       0.00      0.00      0.00         1
         359       0.00      0.50      0.00         2
         360       0.00      0.00      0.00         1
         361       0.00      1.00      0.00         1
         362       0.00      0.67      0.01         3
         363       0.00      0.00      0.00         3
         364       0.00      0.00      0.00         2
         365       0.00      1.00      0.00         1
         366       0.00      1.00      0.00         1
         367       0.00      0.50      0.00         2
         368       0.00      1.00      0.00         1
         369       0.00      1.00      0.00         1
         370       0.00      0.67      0.00         3
         371       0.00      0.00      0.00         1
         372       0.00      0.00      0.00         0
         373       0.00      0.00      0.00         1
         374       0.00      1.00      0.01         2
         375       0.00      0.33      0.00         3
         376       0.00      0.00      0.00         2
         377       0.00      1.00      0.00         1
         378       0.00      1.00      0.00         2
         379       0.00      0.33      0.00         3
         380       0.00      0.00      0.00         0
         381       0.00      0.00      0.00         1
         382       0.00      1.00      0.00         1
         383       0.00      1.00      0.01         2
         384       0.00      0.00      0.00         1
         385       0.00      1.00      0.00         1
         386       0.00      1.00      0.00         2
         387       0.00      0.00      0.00         0
         388       0.00      1.00      0.00         2
         389       0.00      1.00      0.00         1
         390       0.00      0.33      0.00         3
         391       0.00      1.00      0.00         1
         392       0.00      0.00      0.00         1
         393       0.00      0.67      0.01         3
         394       0.00      1.00      0.01         3
         395       0.00      0.50      0.00         2
         396       0.00      0.50      0.00         2
         397       0.00      0.00      0.00         0
         398       0.00      1.00      0.00         1
         399       0.00      1.00      0.00         1
         400       0.00      0.00      0.00         3
         401       0.00      0.00      0.00         1
         402       0.00      0.50      0.00         2
         403       0.00      1.00      0.00         2
         404       0.00      1.00      0.00         1
         405       0.00      0.00      0.00         1
         406       0.00      1.00      0.00         1
         407       0.00      0.00      0.00         0
         408       0.00      0.00      0.00         0
         409       0.00      0.00      0.00         0
         410       0.00      0.00      0.00         0
         411       0.00      0.00      0.00         1
         412       0.00      0.00      0.00         0
         413       0.00      0.00      0.00         1
         414       0.00      0.00      0.00         3
         415       0.00      1.00      0.00         1
         416       0.00      0.00      0.00         2
         417       0.00      1.00      0.00         2
         418       0.00      0.00      0.00         0
         419       0.00      0.00      0.00         2
         420       0.00      1.00      0.01         3
         421       0.00      1.00      0.00         2
         422       0.00      0.00      0.00         0
         423       0.00      1.00      0.00         1
         424       0.00      0.50      0.00         2
         425       0.00      0.00      0.00         0
         426       0.00      1.00      0.00         1
         427       0.00      0.50      0.00         2
         428       0.00      1.00      0.00         1
         429       0.00      0.00      0.00         1
         430       0.00      0.00      0.00         2
         431       0.00      1.00      0.00         1
         432       0.00      0.00      0.00         1
         433       0.00      0.00      0.00         1
         434       0.00      0.00      0.00         1
         435       0.00      0.00      0.00         0
         436       0.00      0.00      0.00         1
         437       0.00      0.00      0.00         0
         438       0.00      0.00      0.00         0
         439       0.00      0.00      0.00         0
         440       0.00      0.00      0.00         1
         441       0.00      0.00      0.00         1
         442       0.00      0.00      0.00         0
         443       0.00      0.00      0.00         0
         444       0.00      0.00      0.00         0
         445       0.00      0.00      0.00         0
         446       0.00      1.00      0.00         1
         447       0.00      0.00      0.00         0
         448       0.00      1.00      0.00         1
         449       0.00      1.00      0.00         1
         450       0.00      0.00      0.00         0
         451       0.00      0.00      0.00         0
         452       0.00      0.50      0.00         2
         453       0.00      1.00      0.00         2
         454       0.00      0.00      0.00         1
         455       0.00      1.00      0.00         2
         456       0.00      0.00      0.00         1
         457       0.00      0.00      0.00         0
         458       0.00      0.00      0.00         0
         459       0.00      0.00      0.00         0
         460       0.00      0.00      0.00         0
         461       0.00      1.00      0.00         2
         462       0.00      1.00      0.00         2
         463       0.00      0.00      0.00         1
         464       0.00      0.00      0.00         1
         465       0.00      1.00      0.00         1
         466       0.00      0.00      0.00         1
         467       0.00      0.00      0.00         0
         468       0.00      0.00      0.00         0
         469       0.00      0.00      0.00         0
         470       0.00      1.00      0.00         1
         471       0.00      0.00      0.00         0
         472       0.00      1.00      0.00         1
         473       0.00      0.00      0.00         0
         474       0.00      1.00      0.00         2
         475       0.00      1.00      0.00         1
         476       0.00      0.00      0.00         0
         477       0.00      1.00      0.00         1
         478       0.00      0.00      0.00         0
         479       0.00      0.00      0.00         0
         480       0.00      1.00      0.00         1
         481       0.00      0.00      0.00         0
         482       0.00      0.00      0.00         0
         483       0.00      1.00      0.00         1
         484       0.00      0.00      0.00         1
         485       0.00      1.00      0.00         1
         486       0.00      0.00      0.00         0
         487       0.00      0.00      0.00         1
         488       0.00      0.00      0.00         0
         489       0.00      0.00      0.00         1
         490       0.00      0.00      0.00         0
         491       0.00      0.00      0.00         1
         492       0.00      0.00      0.00         0
         493       0.00      0.00      0.00         0
         494       0.00      0.00      0.00         1
         495       0.00      0.00      0.00         1
         496       0.00      0.00      0.00         0
         497       0.00      1.00      0.00         1
         498       0.00      1.00      0.00         1

   micro avg       0.01      0.53      0.03     12711
   macro avg       0.01      0.48      0.03     12711
weighted avg       0.09      0.53      0.14     12711
 samples avg       0.01      0.53      0.03     12711

